200.000000

0.000000
1.0994*10**-02
2.2004001*10**-02
3.3054002*10**-02
4.4144001*10**-02
 5.5294003*10**-02
 6.6593997*10**-02
7.8093998*10**-02
8.9794002*10**-02
0.101894
0.114294
0.127094
0.140494
0.154394
0.169294
0.185494
0.203594
0.223694
0.245894
0.270694
0.297694
0.326694
0.356994
0.388094
0.419694
0.451894
0.484394
0.517114
0.549714
0.582114
0.614214
0.645814
0.676614
0.706714
0.735314
0.762114
0.786714
0.809114
0.829314
0.847114
0.862914
0.876814
0.888811
0.899507
0.908404
0.916402
0.923599
0.930397
0.936895
0.943093
0.948991
0.954689
0.960187
0.965486
0.970684
0.975782
0.980781
0.985679
0.990479
0.995253
1.000000